abus
48
12
255
aint
75
26
2
37
1
79
1
2
59
1
59
2
255
bær
255
b/p
255
b/pl
21
12
255
cbc
26
25
255
cbi
61
13
2
65
7
65
14
2
65
14
75
14
2
75
14
75
20
255
cbv
30
25
255
cpi
18
25
255
dcopal
255
dcopd
255
drre
255
drrs
255
ebusd
69
37
1
66
36
68
37
2
67
38
67
42
2
2
35
79
35
2
49
43
79
43
255
el
21
10
1
7
9
20
13
2
13
14
13
14
255
ent
75
24
255
era
45
5
1
38
4
44
6
2
41
7
41
8
255
erd
59
38
1
48
37
58
39
2
53
36
56
36
255
ere
33
27
1
18
26
32
28
2
23
29
23
34
255
eri1
57
32
1
46
31
56
33
2
51
34
51
34
255
eri2
75
32
1
64
31
74
33
2
69
34
69
34
255
ert
21
1
1
22
2
29
4
2
21
6
26
6
2
26
5
26
6
255
esc
75
23
255
esp
255
lec
75
22
255
opal
7
25
1
7
26
11
31
1
8
28
8
29
2
4
7
13
8
2
4
7
4
27
2
5
27
6
32
2
6
32
12
32
2
12
32
12
34
255
opd
5
20
1
5
21
8
23
2
13
7
13
8
2
4
7
4
13
2
4
7
4
22
255
opsd
15
2
1
16
3
20
8
1
17
5
17
6
2
13
7
13
8
2
13
7
15
7
2
2
4
15
4
2
2
4
2
35
2
2
35
79
35
255
pcbus
44
16
255
re
5
10
255
rær
255
rs
5
12
255
sal
75
25
255
sbusa
43
3
1
40
2
42
3
2
37
1
80
1
2
59
1
59
2
255
sbusd
55
41
1
52
41
54
42
2
53
40
53
40
2
49
43
79
43
255
sco
255
sel
21
16
1
7
15
20
18
2
9
19
9
22
255
sml
6
33
1
3
33
5
34
2
2
35
79
35
2
13
7
13
8
2
4
7
13
7
2
4
7
4
32
255
sgd
55
7
1
52
7
54
8
2
24
9
60
9
255
srd
42
37
1
39
36
41
37
2
40
40
53
40
2
40
38
40
40
2
2
35
79
35
255
sre
29
33
1
26
33
28
34
2
2
35
79
35
2
27
29
27
32
255
srt
35
7
1
32
7
34
8
2
26
1
33
1
2
33
1
33
6
2
24
9
60
9
255
ssd
28
7
1
25
7
27
8
2
21
6
26
6
2
24
9
60
9
255
ubk
61
11
2
65
7
65
14
2
65
14
75
14
2
75
14
75
25
255
ubkv
61
12
2
65
7
65
14
2
65
14
75
14
2
75
14
75
25
255
upi
22
25
255
RESET
255
*INT
69
4
255
*INTNM
69
5
255
*DBUS
48
11
255
*SINC
75
28
255
*IP
77
16
2
66
7
76
13
2
76
13
76
21
2
75
21
76
21
255
sel1
21
16
1
7
15
20
18
2
12
19
12
29
255
sel2
21
16
1
7
15
20
18
2
15
19
15
34
255
sel3
21
16
1
7
15
20
18
2
18
19
27
20
2
27
10
27
20
255
*IEX
77
17
2
66
7
76
13
2
76
13
76
21
2
75
21
76
21
255